0.0000, 0.0215, 0.0488, 0.0608, 0.0808, 0.0772, 0.0610, 0.0759, 0.0698, 0.0655, 0.0839, 0.0693, 0.0755, 0.0801, 0.0981, 0.1131, 0.1138, 0.1530, 0.1824, 0.2156, 0.2329, 0.2639, 0.2209, 0.2448, 0.2206, 0.2447, 0.2646, 0.2892, 0.2473, 0.3005, 0.2766, 0.3039, 0.3225, 0.3442, 0.2965, 0.3040, 0.3465, 0.3189, 0.3313, 0.3169, 0.3194, 0.3635, 0.3803, 0.4147, 0.4005, 0.4131, 0.4378, 0.4524, 0.4653, 0.4574, 0.4503, 0.4754, 0.4866, 0.5020, 0.5035, 0.4647, 0.4833, 0.4814, 0.4852, 0.4986, 0.5058, 0.5250, 0.5581, 0.5727, 0.5947, 0.5980, 0.5989, 0.6252, 0.6163, 0.6601, 0.6986, 0.7171, 0.6879, 0.7061, 0.7071, 0.6122, 0.6169, 0.6510, 0.6212, 0.6268, 0.6588, 0.6960, 0.7193, 0.7359, 0.7553, 0.7707, 0.7498, 0.7709, 0.7620
0.0215, 0.0000, 0.0273, 0.0393, 0.0592, 0.0557, 0.0395, 0.0543, 0.0482, 0.0440, 0.0623, 0.0478, 0.0540, 0.0586, 0.0766, 0.0915, 0.0922, 0.1315, 0.1609, 0.1940, 0.2114, 0.2424, 0.1993, 0.2233, 0.1991, 0.2232, 0.2430, 0.2677, 0.2258, 0.2790, 0.2550, 0.2824, 0.3009, 0.3226, 0.2749, 0.2824, 0.3250, 0.2974, 0.3098, 0.2954, 0.2978, 0.3420, 0.3588, 0.3932, 0.3790, 0.3916, 0.4162, 0.4308, 0.4437, 0.4359, 0.4287, 0.4539, 0.4650, 0.4805, 0.4820, 0.4431, 0.4617, 0.4599, 0.4637, 0.4771, 0.4843, 0.5034, 0.5365, 0.5512, 0.5731, 0.5765, 0.5773, 0.6036, 0.5948, 0.6386, 0.6771, 0.6956, 0.6664, 0.6845, 0.6856, 0.5906, 0.5954, 0.6295, 0.5996, 0.6052, 0.6372, 0.6744, 0.6977, 0.7144, 0.7337, 0.7492, 0.7283, 0.7494, 0.7404
0.0488, 0.0273, 0.0000, 0.0120, 0.0319, 0.0284, 0.0122, 0.0270, 0.0209, 0.0167, 0.0350, 0.0205, 0.0267, 0.0313, 0.0493, 0.0642, 0.0649, 0.1042, 0.1336, 0.1667, 0.1841, 0.2151, 0.1720, 0.1960, 0.1718, 0.1959, 0.2158, 0.2404, 0.1985, 0.2517, 0.2278, 0.2551, 0.2736, 0.2953, 0.2477, 0.2552, 0.2977, 0.2701, 0.2825, 0.2681, 0.2706, 0.3147, 0.3315, 0.3659, 0.3517, 0.3643, 0.3890, 0.4035, 0.4164, 0.4086, 0.4015, 0.4266, 0.4377, 0.4532, 0.4547, 0.4158, 0.4344, 0.4326, 0.4364, 0.4498, 0.4570, 0.4762, 0.5093, 0.5239, 0.5458, 0.5492, 0.5500, 0.5764, 0.5675, 0.6113, 0.6498, 0.6683, 0.6391, 0.6572, 0.6583, 0.5633, 0.5681, 0.6022, 0.5723, 0.5780, 0.6100, 0.6471, 0.6704, 0.6871, 0.7064, 0.7219, 0.7010, 0.7221, 0.7132
0.0608, 0.0393, 0.0120, 0.0000, 0.0439, 0.0404, 0.0242, 0.0390, 0.0329, 0.0287, 0.0470, 0.0325, 0.0387, 0.0433, 0.0613, 0.0762, 0.0769, 0.1162, 0.1456, 0.1787, 0.1961, 0.2271, 0.1840, 0.2080, 0.1838, 0.2079, 0.2278, 0.2524, 0.2105, 0.2637, 0.2398, 0.2671, 0.2856, 0.3073, 0.2597, 0.2672, 0.3097, 0.2821, 0.2945, 0.2801, 0.2826, 0.3267, 0.3435, 0.3779, 0.3637, 0.3763, 0.4010, 0.4155, 0.4284, 0.4206, 0.4135, 0.4386, 0.4497, 0.4652, 0.4667, 0.4278, 0.4464, 0.4446, 0.4484, 0.4618, 0.4690, 0.4882, 0.5213, 0.5359, 0.5578, 0.5612, 0.5620, 0.5884, 0.5795, 0.6233, 0.6618, 0.6803, 0.6511, 0.6692, 0.6703, 0.5753, 0.5801, 0.6142, 0.5843, 0.5900, 0.6220, 0.6591, 0.6824, 0.6991, 0.7184, 0.7339, 0.7130, 0.7341, 0.7252
0.0808, 0.0592, 0.0319, 0.0439, 0.0000, 0.0603, 0.0441, 0.0590, 0.0529, 0.0486, 0.0670, 0.0524, 0.0586, 0.0632, 0.0812, 0.0962, 0.0969, 0.1361, 0.1655, 0.1987, 0.2161, 0.2470, 0.2040, 0.2279, 0.2037, 0.2278, 0.2477, 0.2723, 0.2305, 0.2836, 0.2597, 0.2870, 0.3056, 0.3273, 0.2796, 0.2871, 0.3296, 0.3020, 0.3145, 0.3000, 0.3025, 0.3466, 0.3634, 0.3978, 0.3836, 0.3962, 0.4209, 0.4355, 0.4484, 0.4406, 0.4334, 0.4585, 0.4697, 0.4851, 0.4866, 0.4478, 0.4664, 0.4645, 0.4683, 0.4818, 0.4889, 0.5081, 0.5412, 0.5558, 0.5778, 0.5811, 0.5820, 0.6083, 0.5994, 0.6432, 0.6817, 0.7002, 0.6711, 0.6892, 0.6902, 0.5953, 0.6001, 0.6341, 0.6043, 0.6099, 0.6419, 0.6791, 0.7024, 0.7190, 0.7384, 0.7538, 0.7329, 0.7540, 0.7451
0.0772, 0.0557, 0.0284, 0.0404, 0.0603, 0.0000, 0.0406, 0.0554, 0.0493, 0.0451, 0.0634, 0.0489, 0.0551, 0.0597, 0.0777, 0.0926, 0.0933, 0.1326, 0.1620, 0.1951, 0.2125, 0.2435, 0.2004, 0.2244, 0.2002, 0.2243, 0.2442, 0.2688, 0.2269, 0.2801, 0.2562, 0.2835, 0.3020, 0.3237, 0.2760, 0.2835, 0.3261, 0.2985, 0.3109, 0.2965, 0.2990, 0.3431, 0.3599, 0.3943, 0.3801, 0.3927, 0.4173, 0.4319, 0.4448, 0.4370, 0.4298, 0.4550, 0.4661, 0.4816, 0.4831, 0.4442, 0.4628, 0.4610, 0.4648, 0.4782, 0.4854, 0.5045, 0.5376, 0.5523, 0.5742, 0.5776, 0.5784, 0.6048, 0.5959, 0.6397, 0.6782, 0.6967, 0.6675, 0.6856, 0.6867, 0.5917, 0.5965, 0.6306, 0.6007, 0.6064, 0.6383, 0.6755, 0.6988, 0.7155, 0.7348, 0.7503, 0.7294, 0.7505, 0.7415
0.0610, 0.0395, 0.0122, 0.0242, 0.0441, 0.0406, 0.0000, 0.0392, 0.0331, 0.0289, 0.0472, 0.0327, 0.0389, 0.0435, 0.0615, 0.0764, 0.0771, 0.1164, 0.1458, 0.1789, 0.1963, 0.2273, 0.1842, 0.2082, 0.1840, 0.2081, 0.2279, 0.2526, 0.2107, 0.2639, 0.2400, 0.2673, 0.2858, 0.3075, 0.2598, 0.2673, 0.3099, 0.2823, 0.2947, 0.2803, 0.2828, 0.3269, 0.3437, 0.3781, 0.3639, 0.3765, 0.4011, 0.4157, 0.4286, 0.4208, 0.4136, 0.4388, 0.4499, 0.4654, 0.4669, 0.4280, 0.4466, 0.4448, 0.4486, 0.4620, 0.4692, 0.4883, 0.5214, 0.5361, 0.5580, 0.5614, 0.5622, 0.5886, 0.5797, 0.6235, 0.6620, 0.6805, 0.6513, 0.6694, 0.6705, 0.5755, 0.5803, 0.6144, 0.5845, 0.5901, 0.6221, 0.6593, 0.6826, 0.6993, 0.7186, 0.7341, 0.7132, 0.7343, 0.7253
0.0759, 0.0543, 0.0270, 0.0390, 0.0590, 0.0554, 0.0392, 0.0000, 0.0480, 0.0437, 0.0621, 0.0476, 0.0538, 0.0583, 0.0764, 0.0913, 0.0920, 0.1313, 0.1606, 0.1938, 0.2112, 0.2421, 0.1991, 0.2231, 0.1988, 0.2229, 0.2428, 0.2674, 0.2256, 0.2787, 0.2548, 0.2821, 0.3007, 0.3224, 0.2747, 0.2822, 0.3248, 0.2972, 0.3096, 0.2952, 0.2976, 0.3418, 0.3586, 0.3929, 0.3788, 0.3914, 0.4160, 0.4306, 0.4435, 0.4357, 0.4285, 0.4536, 0.4648, 0.4803, 0.4818, 0.4429, 0.4615, 0.4597, 0.4634, 0.4769, 0.4840, 0.5032, 0.5363, 0.5510, 0.5729, 0.5762, 0.5771, 0.6034, 0.5945, 0.6383, 0.6768, 0.6953, 0.6662, 0.6843, 0.6853, 0.5904, 0.5952, 0.6292, 0.5994, 0.6050, 0.6370, 0.6742, 0.6975, 0.7142, 0.7335, 0.7490, 0.7281, 0.7492, 0.7402
0.0698, 0.0482, 0.0209, 0.0329, 0.0529, 0.0493, 0.0331, 0.0480, 0.0000, 0.0376, 0.0560, 0.0414, 0.0476, 0.0522, 0.0702, 0.0852, 0.0859, 0.1251, 0.1545, 0.1877, 0.2050, 0.2360, 0.1930, 0.2169, 0.1927, 0.2168, 0.2367, 0.2613, 0.2194, 0.2726, 0.2487, 0.2760, 0.2945, 0.3163, 0.2686, 0.2761, 0.3186, 0.2910, 0.3034, 0.2890, 0.2915, 0.3356, 0.3524, 0.3868, 0.3726, 0.3852, 0.4099, 0.4245, 0.4374, 0.4295, 0.4224, 0.4475, 0.4587, 0.4741, 0.4756, 0.4368, 0.4554, 0.4535, 0.4573, 0.4707, 0.4779, 0.4971, 0.5302, 0.5448, 0.5668, 0.5701, 0.5710, 0.5973, 0.5884, 0.6322, 0.6707, 0.6892, 0.6600, 0.6782, 0.6792, 0.5843, 0.5890, 0.6231, 0.5933, 0.5989, 0.6309, 0.6681, 0.6914, 0.7080, 0.7274, 0.7428, 0.7219, 0.7430, 0.7341
0.0655, 0.0440, 0.0167, 0.0287, 0.0486, 0.0451, 0.0289, 0.0437, 0.0376, 0.0000, 0.0183, 0.0372, 0.0434, 0.0480, 0.0660, 0.0809, 0.0816, 0.1209, 0.1503, 0.1834, 0.2008, 0.2318, 0.1887, 0.2127, 0.1885, 0.2126, 0.2325, 0.2571, 0.2152, 0.2684, 0.2445, 0.2718, 0.2903, 0.3120, 0.2644, 0.2719, 0.3144, 0.2868, 0.2992, 0.2848, 0.2873, 0.3314, 0.3482, 0.3826, 0.3684, 0.3810, 0.4057, 0.4202, 0.4331, 0.4253, 0.4182, 0.4433, 0.4544, 0.4699, 0.4714, 0.4325, 0.4511, 0.4493, 0.4531, 0.4665, 0.4737, 0.4929, 0.5260, 0.5406, 0.5625, 0.5659, 0.5667, 0.5931, 0.5842, 0.6280, 0.6665, 0.6850, 0.6558, 0.6739, 0.6750, 0.5800, 0.5848, 0.6189, 0.5890, 0.5947, 0.6267, 0.6638, 0.6871, 0.7038, 0.7231, 0.7386, 0.7177, 0.7388, 0.7299
0.0839, 0.0623, 0.0350, 0.0470, 0.0670, 0.0634, 0.0472, 0.0621, 0.0560, 0.0183, 0.0000, 0.0555, 0.0618, 0.0663, 0.0843, 0.0993, 0.1000, 0.1392, 0.1686, 0.2018, 0.2192, 0.2501, 0.2071, 0.2310, 0.2068, 0.2309, 0.2508, 0.2754, 0.2336, 0.2867, 0.2628, 0.2901, 0.3087, 0.3304, 0.2827, 0.2902, 0.3327, 0.3051, 0.3176, 0.3032, 0.3056, 0.3497, 0.3665, 0.4009, 0.3867, 0.3993, 0.4240, 0.4386, 0.4515, 0.4437, 0.4365, 0.4616, 0.4728, 0.4882, 0.4897, 0.4509, 0.4695, 0.4677, 0.4714, 0.4849, 0.4920, 0.5112, 0.5443, 0.5589, 0.5809, 0.5842, 0.5851, 0.6114, 0.6025, 0.6463, 0.6848, 0.7033, 0.6742, 0.6923, 0.6933, 0.5984, 0.6032, 0.6372, 0.6074, 0.6130, 0.6450, 0.6822, 0.7055, 0.7221, 0.7415, 0.7570, 0.7360, 0.7571, 0.7482
0.0693, 0.0478, 0.0205, 0.0325, 0.0524, 0.0489, 0.0327, 0.0476, 0.0414, 0.0372, 0.0555, 0.0000, 0.0472, 0.0518, 0.0698, 0.0848, 0.0854, 0.1247, 0.1541, 0.1872, 0.2046, 0.2356, 0.1925, 0.2165, 0.1923, 0.2164, 0.2363, 0.2609, 0.2190, 0.2722, 0.2483, 0.2756, 0.2941, 0.3158, 0.2682, 0.2757, 0.3182, 0.2906, 0.3030, 0.2886, 0.2911, 0.3352, 0.3520, 0.3864, 0.3722, 0.3848, 0.4095, 0.4240, 0.4370, 0.4291, 0.4220, 0.4471, 0.4582, 0.4737, 0.4752, 0.4363, 0.4549, 0.4531, 0.4569, 0.4703, 0.4775, 0.4967, 0.5298, 0.5444, 0.5664, 0.5697, 0.5705, 0.5969, 0.5880, 0.6318, 0.6703, 0.6888, 0.6596, 0.6777, 0.6788, 0.5838, 0.5886, 0.6227, 0.5928, 0.5985, 0.6305, 0.6676, 0.6909, 0.7076, 0.7269, 0.7424, 0.7215, 0.7426, 0.7337
0.0755, 0.0540, 0.0267, 0.0387, 0.0586, 0.0551, 0.0389, 0.0538, 0.0476, 0.0434, 0.0618, 0.0472, 0.0000, 0.0580, 0.0760, 0.0910, 0.0916, 0.1309, 0.1603, 0.1934, 0.2108, 0.2418, 0.1987, 0.2227, 0.1985, 0.2226, 0.2425, 0.2671, 0.2252, 0.2784, 0.2545, 0.2818, 0.3003, 0.3220, 0.2744, 0.2819, 0.3244, 0.2968, 0.3092, 0.2948, 0.2973, 0.3414, 0.3582, 0.3926, 0.3784, 0.3910, 0.4157, 0.4303, 0.4432, 0.4353, 0.4282, 0.4533, 0.4644, 0.4799, 0.4814, 0.4425, 0.4612, 0.4593, 0.4631, 0.4765, 0.4837, 0.5029, 0.5360, 0.5506, 0.5726, 0.5759, 0.5767, 0.6031, 0.5942, 0.6380, 0.6765, 0.6950, 0.6658, 0.6839, 0.6850, 0.5901, 0.5948, 0.6289, 0.5990, 0.6047, 0.6367, 0.6738, 0.6972, 0.7138, 0.7332, 0.7486, 0.7277, 0.7488, 0.7399
0.0801, 0.0586, 0.0313, 0.0433, 0.0632, 0.0597, 0.0435, 0.0583, 0.0522, 0.0480, 0.0663, 0.0518, 0.0580, 0.0000, 0.0180, 0.0330, 0.0337, 0.0729, 0.1023, 0.1355, 0.1529, 0.1838, 0.1408, 0.1647, 0.1405, 0.1646, 0.1845, 0.2091, 0.1672, 0.2204, 0.1965, 0.2238, 0.2424, 0.2641, 0.2164, 0.2239, 0.2664, 0.2388, 0.2512, 0.2368, 0.2393, 0.2834, 0.3002, 0.3346, 0.3204, 0.3330, 0.3577, 0.3723, 0.3852, 0.3773, 0.3702, 0.3953, 0.4065, 0.4219, 0.4234, 0.3846, 0.4032, 0.4013, 0.4051, 0.4185, 0.4257, 0.4449, 0.4780, 0.4926, 0.5146, 0.5179, 0.5188, 0.5451, 0.5362, 0.5800, 0.6185, 0.6370, 0.6078, 0.6260, 0.6270, 0.5321, 0.5369, 0.5709, 0.5411, 0.5467, 0.5787, 0.6159, 0.6392, 0.6558, 0.6752, 0.6906, 0.6697, 0.6908, 0.6819
0.0981, 0.0766, 0.0493, 0.0613, 0.0812, 0.0777, 0.0615, 0.0764, 0.0702, 0.0660, 0.0843, 0.0698, 0.0760, 0.0180, 0.0000, 0.0149, 0.0156, 0.0549, 0.0843, 0.1174, 0.1348, 0.1658, 0.1227, 0.1467, 0.1225, 0.1466, 0.1665, 0.1911, 0.1492, 0.2024, 0.1785, 0.2058, 0.2243, 0.2460, 0.1984, 0.2059, 0.2484, 0.2208, 0.2332, 0.2188, 0.2213, 0.2654, 0.2822, 0.3166, 0.3024, 0.3150, 0.3396, 0.3542, 0.3671, 0.3593, 0.3522, 0.3773, 0.3884, 0.4039, 0.4054, 0.3665, 0.3851, 0.3833, 0.3871, 0.4005, 0.4077, 0.4268, 0.4599, 0.4746, 0.4965, 0.4999, 0.5007, 0.5271, 0.5182, 0.5620, 0.6005, 0.6190, 0.5898, 0.6079, 0.6090, 0.5140, 0.5188, 0.5529, 0.5230, 0.5287, 0.5606, 0.5978, 0.6211, 0.6378, 0.6571, 0.6726, 0.6517, 0.6728, 0.6638
0.1131, 0.0915, 0.0642, 0.0762, 0.0962, 0.0926, 0.0764, 0.0913, 0.0852, 0.0809, 0.0993, 0.0848, 0.0910, 0.0330, 0.0149, 0.0000, 0.0306, 0.0698, 0.0992, 0.1324, 0.1498, 0.1807, 0.1377, 0.1616, 0.1374, 0.1615, 0.1814, 0.2060, 0.1642, 0.2173, 0.1934, 0.2207, 0.2393, 0.2610, 0.2133, 0.2208, 0.2633, 0.2357, 0.2482, 0.2337, 0.2362, 0.2803, 0.2971, 0.3315, 0.3173, 0.3299, 0.3546, 0.3692, 0.3821, 0.3743, 0.3671, 0.3922, 0.4034, 0.4188, 0.4203, 0.3815, 0.4001, 0.3983, 0.4020, 0.4155, 0.4226, 0.4418, 0.4749, 0.4895, 0.5115, 0.5148, 0.5157, 0.5420, 0.5331, 0.5769, 0.6154, 0.6339, 0.6048, 0.6229, 0.6239, 0.5290, 0.5338, 0.5678, 0.5380, 0.5436, 0.5756, 0.6128, 0.6361, 0.6527, 0.6721, 0.6875, 0.6666, 0.6877, 0.6788
0.1138, 0.0922, 0.0649, 0.0769, 0.0969, 0.0933, 0.0771, 0.0920, 0.0859, 0.0816, 0.1000, 0.0854, 0.0916, 0.0337, 0.0156, 0.0306, 0.0000, 0.0393, 0.0686, 0.1018, 0.1192, 0.1502, 0.1071, 0.1311, 0.1068, 0.1309, 0.1508, 0.1755, 0.1336, 0.1868, 0.1628, 0.1901, 0.2087, 0.2304, 0.1827, 0.1902, 0.2328, 0.2052, 0.2176, 0.2032, 0.2056, 0.2498, 0.2666, 0.3010, 0.2868, 0.2994, 0.3240, 0.3386, 0.3515, 0.3437, 0.3365, 0.3616, 0.3728, 0.3883, 0.3898, 0.3509, 0.3695, 0.3677, 0.3714, 0.3849, 0.3920, 0.4112, 0.4443, 0.4590, 0.4809, 0.4843, 0.4851, 0.5114, 0.5025, 0.5463, 0.5849, 0.6033, 0.5742, 0.5923, 0.5934, 0.4984, 0.5032, 0.5372, 0.5074, 0.5130, 0.5450, 0.5822, 0.6055, 0.6222, 0.6415, 0.6570, 0.6361, 0.6572, 0.6482
0.1530, 0.1315, 0.1042, 0.1162, 0.1361, 0.1326, 0.1164, 0.1313, 0.1251, 0.1209, 0.1392, 0.1247, 0.1309, 0.0729, 0.0549, 0.0698, 0.0393, 0.0000, 0.0294, 0.0625, 0.0799, 0.1109, 0.0678, 0.0918, 0.0676, 0.0917, 0.1116, 0.1362, 0.0943, 0.1475, 0.1236, 0.1509, 0.1694, 0.1911, 0.1434, 0.1509, 0.1935, 0.1659, 0.1783, 0.1639, 0.1664, 0.2105, 0.2273, 0.2617, 0.2475, 0.2601, 0.2847, 0.2993, 0.3122, 0.3044, 0.2972, 0.3224, 0.3335, 0.3490, 0.3505, 0.3116, 0.3302, 0.3284, 0.3322, 0.3456, 0.3528, 0.3719, 0.4050, 0.4197, 0.4416, 0.4450, 0.4458, 0.4722, 0.4633, 0.5071, 0.5456, 0.5641, 0.5349, 0.5530, 0.5541, 0.4591, 0.4639, 0.4980, 0.4681, 0.4738, 0.5057, 0.5429, 0.5662, 0.5829, 0.6022, 0.6177, 0.5968, 0.6179, 0.6089
0.1824, 0.1609, 0.1336, 0.1456, 0.1655, 0.1620, 0.1458, 0.1606, 0.1545, 0.1503, 0.1686, 0.1541, 0.1603, 0.1023, 0.0843, 0.0992, 0.0686, 0.0294, 0.0000, 0.0332, 0.0505, 0.0815, 0.0385, 0.0624, 0.0382, 0.0623, 0.0822, 0.1068, 0.0649, 0.1181, 0.0942, 0.1215, 0.1401, 0.1618, 0.1141, 0.1216, 0.1641, 0.1365, 0.1489, 0.1345, 0.1370, 0.1811, 0.1979, 0.2323, 0.2181, 0.2307, 0.2554, 0.2700, 0.2829, 0.2750, 0.2679, 0.2930, 0.3042, 0.3196, 0.3211, 0.2823, 0.3009, 0.2990, 0.3028, 0.3162, 0.3234, 0.3426, 0.3757, 0.3903, 0.4123, 0.4156, 0.4165, 0.4428, 0.4339, 0.4777, 0.5162, 0.5347, 0.5055, 0.5237, 0.5247, 0.4298, 0.4346, 0.4686, 0.4388, 0.4444, 0.4764, 0.5136, 0.5369, 0.5535, 0.5729, 0.5883, 0.5674, 0.5885, 0.5796
0.2156, 0.1940, 0.1667, 0.1787, 0.1987, 0.1951, 0.1789, 0.1938, 0.1877, 0.1834, 0.2018, 0.1872, 0.1934, 0.1355, 0.1174, 0.1324, 0.1018, 0.0625, 0.0332, 0.0000, 0.0174, 0.0484, 0.0716, 0.0956, 0.0714, 0.0955, 0.1154, 0.1400, 0.0981, 0.1513, 0.1274, 0.1547, 0.1732, 0.1949, 0.1472, 0.1547, 0.1973, 0.1697, 0.1821, 0.1677, 0.1702, 0.2143, 0.2311, 0.2655, 0.2513, 0.2639, 0.2885, 0.3031, 0.3160, 0.3082, 0.3010, 0.3262, 0.3373, 0.3528, 0.3543, 0.3154, 0.3340, 0.3322, 0.3360, 0.3494, 0.3566, 0.3757, 0.4088, 0.4235, 0.4454, 0.4488, 0.4496, 0.4760, 0.4671, 0.5109, 0.5494, 0.5679, 0.5387, 0.5568, 0.5579, 0.4629, 0.4677, 0.5018, 0.4719, 0.4776, 0.5095, 0.5467, 0.5700, 0.5867, 0.6060, 0.6215, 0.6006, 0.6217, 0.6127
0.2329, 0.2114, 0.1841, 0.1961, 0.2161, 0.2125, 0.1963, 0.2112, 0.2050, 0.2008, 0.2192, 0.2046, 0.2108, 0.1529, 0.1348, 0.1498, 0.1192, 0.0799, 0.0505, 0.0174, 0.0000, 0.0310, 0.0890, 0.1130, 0.0888, 0.1129, 0.1327, 0.1574, 0.1155, 0.1687, 0.1447, 0.1721, 0.1906, 0.2123, 0.1646, 0.1721, 0.2147, 0.1871, 0.1995, 0.1851, 0.1875, 0.2317, 0.2485, 0.2829, 0.2687, 0.2813, 0.3059, 0.3205, 0.3334, 0.3256, 0.3184, 0.3436, 0.3547, 0.3702, 0.3717, 0.3328, 0.3514, 0.3496, 0.3534, 0.3668, 0.3740, 0.3931, 0.4262, 0.4409, 0.4628, 0.4662, 0.4670, 0.4933, 0.4845, 0.5283, 0.5668, 0.5853, 0.5561, 0.5742, 0.5753, 0.4803, 0.4851, 0.5192, 0.4893, 0.4949, 0.5269, 0.5641, 0.5874, 0.6041, 0.6234, 0.6389, 0.6180, 0.6391, 0.6301
0.2639, 0.2424, 0.2151, 0.2271, 0.2470, 0.2435, 0.2273, 0.2421, 0.2360, 0.2318, 0.2501, 0.2356, 0.2418, 0.1838, 0.1658, 0.1807, 0.1502, 0.1109, 0.0815, 0.0484, 0.0310, 0.0000, 0.1200, 0.1440, 0.1197, 0.1438, 0.1637, 0.1883, 0.1465, 0.1997, 0.1757, 0.2030, 0.2216, 0.2433, 0.1956, 0.2031, 0.2457, 0.2181, 0.2305, 0.2161, 0.2185, 0.2627, 0.2795, 0.3139, 0.2997, 0.3123, 0.3369, 0.3515, 0.3644, 0.3566, 0.3494, 0.3745, 0.3857, 0.4012, 0.4027, 0.3638, 0.3824, 0.3806, 0.3843, 0.3978, 0.4049, 0.4241, 0.4572, 0.4719, 0.4938, 0.4972, 0.4980, 0.5243, 0.5154, 0.5592, 0.5978, 0.6162, 0.5871, 0.6052, 0.6063, 0.5113, 0.5161, 0.5501, 0.5203, 0.5259, 0.5579, 0.5951, 0.6184, 0.6351, 0.6544, 0.6699, 0.6490, 0.6701, 0.6611
0.2209, 0.1993, 0.1720, 0.1840, 0.2040, 0.2004, 0.1842, 0.1991, 0.1930, 0.1887, 0.2071, 0.1925, 0.1987, 0.1408, 0.1227, 0.1377, 0.1071, 0.0678, 0.0385, 0.0716, 0.0890, 0.1200, 0.0000, 0.0240, 0.0767, 0.1008, 0.1207, 0.1453, 0.1034, 0.1566, 0.1327, 0.1600, 0.1785, 0.2002, 0.1526, 0.1601, 0.2026, 0.1750, 0.1874, 0.1730, 0.1755, 0.2196, 0.2364, 0.2708, 0.2566, 0.2692, 0.2938, 0.3084, 0.3213, 0.3135, 0.3064, 0.3315, 0.3426, 0.3581, 0.3596, 0.3207, 0.3393, 0.3375, 0.3413, 0.3547, 0.3619, 0.3811, 0.4142, 0.4288, 0.4507, 0.4541, 0.4549, 0.4813, 0.4724, 0.5162, 0.5547, 0.5732, 0.5440, 0.5621, 0.5632, 0.4682, 0.4730, 0.5071, 0.4772, 0.4829, 0.5149, 0.5520, 0.5753, 0.5920, 0.6113, 0.6268, 0.6059, 0.6270, 0.6180
0.2448, 0.2233, 0.1960, 0.2080, 0.2279, 0.2244, 0.2082, 0.2231, 0.2169, 0.2127, 0.2310, 0.2165, 0.2227, 0.1647, 0.1467, 0.1616, 0.1311, 0.0918, 0.0624, 0.0956, 0.1130, 0.1440, 0.0240, 0.0000, 0.1006, 0.1247, 0.1446, 0.1693, 0.1274, 0.1806, 0.1566, 0.1839, 0.2025, 0.2242, 0.1765, 0.1840, 0.2266, 0.1990, 0.2114, 0.1970, 0.1994, 0.2436, 0.2604, 0.2948, 0.2806, 0.2932, 0.3178, 0.3324, 0.3453, 0.3375, 0.3303, 0.3554, 0.3666, 0.3821, 0.3836, 0.3447, 0.3633, 0.3615, 0.3652, 0.3787, 0.3858, 0.4050, 0.4381, 0.4528, 0.4747, 0.4781, 0.4789, 0.5052, 0.4963, 0.5401, 0.5787, 0.5971, 0.5680, 0.5861, 0.5872, 0.4922, 0.4970, 0.5310, 0.5012, 0.5068, 0.5388, 0.5760, 0.5993, 0.6160, 0.6353, 0.6508, 0.6299, 0.6510, 0.6420
0.2206, 0.1991, 0.1718, 0.1838, 0.2037, 0.2002, 0.1840, 0.1988, 0.1927, 0.1885, 0.2068, 0.1923, 0.1985, 0.1405, 0.1225, 0.1374, 0.1068, 0.0676, 0.0382, 0.0714, 0.0888, 0.1197, 0.0767, 0.1006, 0.0000, 0.0241, 0.0440, 0.0686, 0.0267, 0.0799, 0.0560, 0.0833, 0.1018, 0.1236, 0.0759, 0.0834, 0.1259, 0.0983, 0.1107, 0.0963, 0.0988, 0.1429, 0.1597, 0.1941, 0.1799, 0.1925, 0.2172, 0.2318, 0.2447, 0.2368, 0.2297, 0.2548, 0.2660, 0.2814, 0.2829, 0.2441, 0.2627, 0.2608, 0.2646, 0.2780, 0.2852, 0.3044, 0.3375, 0.3521, 0.3741, 0.3774, 0.3783, 0.4046, 0.3957, 0.4395, 0.4780, 0.4965, 0.4673, 0.4855, 0.4865, 0.3916, 0.3963, 0.4304, 0.4005, 0.4062, 0.4382, 0.4754, 0.4987, 0.5153, 0.5347, 0.5501, 0.5292, 0.5503, 0.5414
0.2447, 0.2232, 0.1959, 0.2079, 0.2278, 0.2243, 0.2081, 0.2229, 0.2168, 0.2126, 0.2309, 0.2164, 0.2226, 0.1646, 0.1466, 0.1615, 0.1309, 0.0917, 0.0623, 0.0955, 0.1129, 0.1438, 0.1008, 0.1247, 0.0241, 0.0000, 0.0199, 0.0445, 0.0508, 0.1040, 0.0801, 0.1074, 0.1259, 0.1477, 0.1000, 0.1075, 0.1500, 0.1224, 0.1348, 0.1204, 0.1229, 0.1670, 0.1838, 0.2182, 0.2040, 0.2166, 0.2413, 0.2559, 0.2688, 0.2609, 0.2538, 0.2789, 0.2901, 0.3055, 0.3070, 0.2682, 0.2868, 0.2849, 0.2887, 0.3021, 0.3093, 0.3285, 0.3616, 0.3762, 0.3982, 0.4015, 0.4024, 0.4287, 0.4198, 0.4636, 0.5021, 0.5206, 0.4914, 0.5096, 0.5106, 0.4157, 0.4204, 0.4545, 0.4246, 0.4303, 0.4623, 0.4995, 0.5228, 0.5394, 0.5588, 0.5742, 0.5533, 0.5744, 0.5655
0.2646, 0.2430, 0.2158, 0.2278, 0.2477, 0.2442, 0.2279, 0.2428, 0.2367, 0.2325, 0.2508, 0.2363, 0.2425, 0.1845, 0.1665, 0.1814, 0.1508, 0.1116, 0.0822, 0.1154, 0.1327, 0.1637, 0.1207, 0.1446, 0.0440, 0.0199, 0.0000, 0.0246, 0.0707, 0.1239, 0.1000, 0.1273, 0.1458, 0.1675, 0.1199, 0.1274, 0.1699, 0.1423, 0.1547, 0.1403, 0.1428, 0.1869, 0.2037, 0.2381, 0.2239, 0.2365, 0.2612, 0.2757, 0.2886, 0.2808, 0.2737, 0.2988, 0.3099, 0.3254, 0.3269, 0.2880, 0.3066, 0.3048, 0.3086, 0.3220, 0.3292, 0.3484, 0.3815, 0.3961, 0.4180, 0.4214, 0.4222, 0.4486, 0.4397, 0.4835, 0.5220, 0.5405, 0.5113, 0.5294, 0.5305, 0.4355, 0.4403, 0.4744, 0.4445, 0.4502, 0.4822, 0.5193, 0.5426, 0.5593, 0.5786, 0.5941, 0.5732, 0.5943, 0.5854
0.2892, 0.2677, 0.2404, 0.2524, 0.2723, 0.2688, 0.2526, 0.2674, 0.2613, 0.2571, 0.2754, 0.2609, 0.2671, 0.2091, 0.1911, 0.2060, 0.1755, 0.1362, 0.1068, 0.1400, 0.1574, 0.1883, 0.1453, 0.1693, 0.0686, 0.0445, 0.0246, 0.0000, 0.0953, 0.1485, 0.1246, 0.1519, 0.1704, 0.1922, 0.1445, 0.1520, 0.1945, 0.1669, 0.1793, 0.1649, 0.1674, 0.2115, 0.2283, 0.2627, 0.2485, 0.2611, 0.2858, 0.3004, 0.3133, 0.3054, 0.2983, 0.3234, 0.3346, 0.3500, 0.3515, 0.3127, 0.3313, 0.3294, 0.3332, 0.3466, 0.3538, 0.3730, 0.4061, 0.4207, 0.4427, 0.4460, 0.4469, 0.4732, 0.4643, 0.5081, 0.5466, 0.5651, 0.5359, 0.5541, 0.5551, 0.4602, 0.4649, 0.4990, 0.4692, 0.4748, 0.5068, 0.5440, 0.5673, 0.5839, 0.6033, 0.6187, 0.5978, 0.6189, 0.6100
0.2473, 0.2258, 0.1985, 0.2105, 0.2305, 0.2269, 0.2107, 0.2256, 0.2194, 0.2152, 0.2336, 0.2190, 0.2252, 0.1672, 0.1492, 0.1642, 0.1336, 0.0943, 0.0649, 0.0981, 0.1155, 0.1465, 0.1034, 0.1274, 0.0267, 0.0508, 0.0707, 0.0953, 0.0000, 0.0532, 0.0292, 0.0566, 0.0751, 0.0968, 0.0491, 0.0566, 0.0992, 0.0716, 0.0840, 0.0696, 0.0720, 0.1162, 0.1330, 0.1674, 0.1532, 0.1658, 0.1904, 0.2050, 0.2179, 0.2101, 0.2029, 0.2281, 0.2392, 0.2547, 0.2562, 0.2173, 0.2359, 0.2341, 0.2379, 0.2513, 0.2585, 0.2776, 0.3107, 0.3254, 0.3473, 0.3507, 0.3515, 0.3778, 0.3690, 0.4128, 0.4513, 0.4698, 0.4406, 0.4587, 0.4598, 0.3648, 0.3696, 0.4037, 0.3738, 0.3794, 0.4114, 0.4486, 0.4719, 0.4886, 0.5079, 0.5234, 0.5025, 0.5236, 0.5146
0.3005, 0.2790, 0.2517, 0.2637, 0.2836, 0.2801, 0.2639, 0.2787, 0.2726, 0.2684, 0.2867, 0.2722, 0.2784, 0.2204, 0.2024, 0.2173, 0.1868, 0.1475, 0.1181, 0.1513, 0.1687, 0.1997, 0.1566, 0.1806, 0.0799, 0.1040, 0.1239, 0.1485, 0.0532, 0.0000, 0.0824, 0.1097, 0.1283, 0.1500, 0.1023, 0.1098, 0.1524, 0.1248, 0.1372, 0.1228, 0.1252, 0.1694, 0.1862, 0.2206, 0.2064, 0.2190, 0.2436, 0.2582, 0.2711, 0.2633, 0.2561, 0.2812, 0.2924, 0.3079, 0.3094, 0.2705, 0.2891, 0.2873, 0.2910, 0.3045, 0.3116, 0.3308, 0.3639, 0.3786, 0.4005, 0.4039, 0.4047, 0.4310, 0.4221, 0.4659, 0.5045, 0.5229, 0.4938, 0.5119, 0.5130, 0.4180, 0.4228, 0.4568, 0.4270, 0.4326, 0.4646, 0.5018, 0.5251, 0.5418, 0.5611, 0.5766, 0.5557, 0.5768, 0.5678
0.2766, 0.2550, 0.2278, 0.2398, 0.2597, 0.2562, 0.2400, 0.2548, 0.2487, 0.2445, 0.2628, 0.2483, 0.2545, 0.1965, 0.1785, 0.1934, 0.1628, 0.1236, 0.0942, 0.1274, 0.1447, 0.1757, 0.1327, 0.1566, 0.0560, 0.0801, 0.1000, 0.1246, 0.0292, 0.0824, 0.0000, 0.0273, 0.0459, 0.0676, 0.0199, 0.0274, 0.0699, 0.0423, 0.0548, 0.0403, 0.0428, 0.0869, 0.1037, 0.1381, 0.1239, 0.1365, 0.1612, 0.1758, 0.1887, 0.1809, 0.1737, 0.1988, 0.2100, 0.2254, 0.2269, 0.1881, 0.2067, 0.2049, 0.2086, 0.2221, 0.2292, 0.2484, 0.2815, 0.2961, 0.3181, 0.3214, 0.3223, 0.3486, 0.3397, 0.3835, 0.4220, 0.4405, 0.4114, 0.4295, 0.4305, 0.3356, 0.3404, 0.3744, 0.3446, 0.3502, 0.3822, 0.4194, 0.4427, 0.4593, 0.4787, 0.4941, 0.4732, 0.4943, 0.4854
0.3039, 0.2824, 0.2551, 0.2671, 0.2870, 0.2835, 0.2673, 0.2821, 0.2760, 0.2718, 0.2901, 0.2756, 0.2818, 0.2238, 0.2058, 0.2207, 0.1901, 0.1509, 0.1215, 0.1547, 0.1721, 0.2030, 0.1600, 0.1839, 0.0833, 0.1074, 0.1273, 0.1519, 0.0566, 0.1097, 0.0273, 0.0000, 0.0185, 0.0403, 0.0472, 0.0547, 0.0973, 0.0697, 0.0821, 0.0677, 0.0701, 0.1143, 0.1311, 0.1654, 0.1513, 0.1639, 0.1885, 0.2031, 0.2160, 0.2082, 0.2010, 0.2261, 0.2373, 0.2528, 0.2543, 0.2154, 0.2340, 0.2322, 0.2359, 0.2494, 0.2565, 0.2757, 0.3088, 0.3235, 0.3454, 0.3487, 0.3496, 0.3759, 0.3670, 0.4108, 0.4494, 0.4678, 0.4387, 0.4568, 0.4578, 0.3629, 0.3677, 0.4017, 0.3719, 0.3775, 0.4095, 0.4467, 0.4700, 0.4867, 0.5060, 0.5215, 0.5006, 0.5217, 0.5127
0.3225, 0.3009, 0.2736, 0.2856, 0.3056, 0.3020, 0.2858, 0.3007, 0.2945, 0.2903, 0.3087, 0.2941, 0.3003, 0.2424, 0.2243, 0.2393, 0.2087, 0.1694, 0.1401, 0.1732, 0.1906, 0.2216, 0.1785, 0.2025, 0.1018, 0.1259, 0.1458, 0.1704, 0.0751, 0.1283, 0.0459, 0.0185, 0.0000, 0.0217, 0.0658, 0.0733, 0.1158, 0.0882, 0.1006, 0.0862, 0.0887, 0.1328, 0.1496, 0.1840, 0.1698, 0.1824, 0.2070, 0.2216, 0.2345, 0.2267, 0.2196, 0.2447, 0.2558, 0.2713, 0.2728, 0.2339, 0.2525, 0.2507, 0.2545, 0.2679, 0.2751, 0.2943, 0.3274, 0.3420, 0.3639, 0.3673, 0.3681, 0.3945, 0.3856, 0.4294, 0.4679, 0.4864, 0.4572, 0.4753, 0.4764, 0.3814, 0.3862, 0.4203, 0.3904, 0.3961, 0.4281, 0.4652, 0.4885, 0.5052, 0.5245, 0.5400, 0.5191, 0.5402, 0.5312
0.3442, 0.3226, 0.2953, 0.3073, 0.3273, 0.3237, 0.3075, 0.3224, 0.3163, 0.3120, 0.3304, 0.3158, 0.3220, 0.2641, 0.2460, 0.2610, 0.2304, 0.1911, 0.1618, 0.1949, 0.2123, 0.2433, 0.2002, 0.2242, 0.1236, 0.1477, 0.1675, 0.1922, 0.0968, 0.1500, 0.0676, 0.0403, 0.0217, 0.0000, 0.0875, 0.0950, 0.1375, 0.1099, 0.1223, 0.1079, 0.1104, 0.1545, 0.1713, 0.2057, 0.1915, 0.2041, 0.2288, 0.2434, 0.2563, 0.2484, 0.2413, 0.2664, 0.2775, 0.2930, 0.2945, 0.2556, 0.2743, 0.2724, 0.2762, 0.2896, 0.2968, 0.3160, 0.3491, 0.3637, 0.3857, 0.3890, 0.3898, 0.4162, 0.4073, 0.4511, 0.4896, 0.5081, 0.4789, 0.4970, 0.4981, 0.4031, 0.4079, 0.4420, 0.4121, 0.4178, 0.4498, 0.4869, 0.5103, 0.5269, 0.5463, 0.5617, 0.5408, 0.5619, 0.5530
0.2965, 0.2749, 0.2477, 0.2597, 0.2796, 0.2760, 0.2598, 0.2747, 0.2686, 0.2644, 0.2827, 0.2682, 0.2744, 0.2164, 0.1984, 0.2133, 0.1827, 0.1434, 0.1141, 0.1472, 0.1646, 0.1956, 0.1526, 0.1765, 0.0759, 0.1000, 0.1199, 0.1445, 0.0491, 0.1023, 0.0199, 0.0472, 0.0658, 0.0875, 0.0000, 0.0473, 0.0898, 0.0622, 0.0746, 0.0602, 0.0627, 0.1068, 0.1236, 0.1580, 0.1438, 0.1564, 0.1811, 0.1957, 0.2086, 0.2007, 0.1936, 0.2187, 0.2299, 0.2453, 0.2468, 0.2080, 0.2266, 0.2247, 0.2285, 0.2419, 0.2491, 0.2683, 0.3014, 0.3160, 0.3380, 0.3413, 0.3422, 0.3685, 0.3596, 0.4034, 0.4419, 0.4604, 0.4312, 0.4494, 0.4504, 0.3555, 0.3603, 0.3943, 0.3645, 0.3701, 0.4021, 0.4393, 0.4626, 0.4792, 0.4986, 0.5140, 0.4931, 0.5142, 0.5053
0.3040, 0.2824, 0.2552, 0.2672, 0.2871, 0.2835, 0.2673, 0.2822, 0.2761, 0.2719, 0.2902, 0.2757, 0.2819, 0.2239, 0.2059, 0.2208, 0.1902, 0.1509, 0.1216, 0.1547, 0.1721, 0.2031, 0.1601, 0.1840, 0.0834, 0.1075, 0.1274, 0.1520, 0.0566, 0.1098, 0.0274, 0.0547, 0.0733, 0.0950, 0.0473, 0.0000, 0.0425, 0.0149, 0.0274, 0.0130, 0.0154, 0.0595, 0.0763, 0.1107, 0.0966, 0.1092, 0.1338, 0.1484, 0.1613, 0.1535, 0.1463, 0.1714, 0.1826, 0.1981, 0.1995, 0.1607, 0.1793, 0.1775, 0.1812, 0.1947, 0.2018, 0.2210, 0.2541, 0.2688, 0.2907, 0.2940, 0.2949, 0.3212, 0.3123, 0.3561, 0.3946, 0.4131, 0.3840, 0.4021, 0.4031, 0.3082, 0.3130, 0.3470, 0.3172, 0.3228, 0.3548, 0.3920, 0.4153, 0.4319, 0.4513, 0.4668, 0.4458, 0.4669, 0.4580
0.3465, 0.3250, 0.2977, 0.3097, 0.3296, 0.3261, 0.3099, 0.3248, 0.3186, 0.3144, 0.3327, 0.3182, 0.3244, 0.2664, 0.2484, 0.2633, 0.2328, 0.1935, 0.1641, 0.1973, 0.2147, 0.2457, 0.2026, 0.2266, 0.1259, 0.1500, 0.1699, 0.1945, 0.0992, 0.1524, 0.0699, 0.0973, 0.1158, 0.1375, 0.0898, 0.0425, 0.0000, 0.0575, 0.0699, 0.0555, 0.0580, 0.1021, 0.1189, 0.1533, 0.1391, 0.1517, 0.1763, 0.1909, 0.2038, 0.1960, 0.1888, 0.2140, 0.2251, 0.2406, 0.2421, 0.2032, 0.2218, 0.2200, 0.2238, 0.2372, 0.2444, 0.2635, 0.2966, 0.3113, 0.3332, 0.3366, 0.3374, 0.3638, 0.3549, 0.3987, 0.4372, 0.4557, 0.4265, 0.4446, 0.4457, 0.3507, 0.3555, 0.3896, 0.3597, 0.3654, 0.3973, 0.4345, 0.4578, 0.4745, 0.4938, 0.5093, 0.4884, 0.5095, 0.5005
0.3189, 0.2974, 0.2701, 0.2821, 0.3020, 0.2985, 0.2823, 0.2972, 0.2910, 0.2868, 0.3051, 0.2906, 0.2968, 0.2388, 0.2208, 0.2357, 0.2052, 0.1659, 0.1365, 0.1697, 0.1871, 0.2181, 0.1750, 0.1990, 0.0983, 0.1224, 0.1423, 0.1669, 0.0716, 0.1248, 0.0423, 0.0697, 0.0882, 0.1099, 0.0622, 0.0149, 0.0575, 0.0000, 0.0423, 0.0279, 0.0304, 0.0745, 0.0913, 0.1257, 0.1115, 0.1241, 0.1487, 0.1633, 0.1762, 0.1684, 0.1612, 0.1864, 0.1975, 0.2130, 0.2145, 0.1756, 0.1942, 0.1924, 0.1962, 0.2096, 0.2168, 0.2359, 0.2690, 0.2837, 0.3056, 0.3090, 0.3098, 0.3362, 0.3273, 0.3711, 0.4096, 0.4281, 0.3989, 0.4170, 0.4181, 0.3231, 0.3279, 0.3620, 0.3321, 0.3378, 0.3697, 0.4069, 0.4302, 0.4469, 0.4662, 0.4817, 0.4608, 0.4819, 0.4729
0.3313, 0.3098, 0.2825, 0.2945, 0.3145, 0.3109, 0.2947, 0.3096, 0.3034, 0.2992, 0.3176, 0.3030, 0.3092, 0.2512, 0.2332, 0.2482, 0.2176, 0.1783, 0.1489, 0.1821, 0.1995, 0.2305, 0.1874, 0.2114, 0.1107, 0.1348, 0.1547, 0.1793, 0.0840, 0.1372, 0.0548, 0.0821, 0.1006, 0.1223, 0.0746, 0.0274, 0.0699, 0.0423, 0.0000, 0.0403, 0.0428, 0.0869, 0.1037, 0.1381, 0.1239, 0.1365, 0.1612, 0.1757, 0.1886, 0.1808, 0.1737, 0.1988, 0.2099, 0.2254, 0.2269, 0.1880, 0.2066, 0.2048, 0.2086, 0.2220, 0.2292, 0.2484, 0.2815, 0.2961, 0.3180, 0.3214, 0.3222, 0.3486, 0.3397, 0.3835, 0.4220, 0.4405, 0.4113, 0.4294, 0.4305, 0.3355, 0.3403, 0.3744, 0.3445, 0.3502, 0.3822, 0.4193, 0.4426, 0.4593, 0.4786, 0.4941, 0.4732, 0.4943, 0.4854
0.3169, 0.2954, 0.2681, 0.2801, 0.3000, 0.2965, 0.2803, 0.2952, 0.2890, 0.2848, 0.3032, 0.2886, 0.2948, 0.2368, 0.2188, 0.2337, 0.2032, 0.1639, 0.1345, 0.1677, 0.1851, 0.2161, 0.1730, 0.1970, 0.0963, 0.1204, 0.1403, 0.1649, 0.0696, 0.1228, 0.0403, 0.0677, 0.0862, 0.1079, 0.0602, 0.0130, 0.0555, 0.0279, 0.0403, 0.0000, 0.0284, 0.0725, 0.0893, 0.1237, 0.1095, 0.1221, 0.1467, 0.1613, 0.1742, 0.1664, 0.1593, 0.1844, 0.1955, 0.2110, 0.2125, 0.1736, 0.1922, 0.1904, 0.1942, 0.2076, 0.2148, 0.2340, 0.2671, 0.2817, 0.3036, 0.3070, 0.3078, 0.3342, 0.3253, 0.3691, 0.4076, 0.4261, 0.3969, 0.4150, 0.4161, 0.3211, 0.3259, 0.3600, 0.3301, 0.3358, 0.3678, 0.4049, 0.4282, 0.4449, 0.4642, 0.4797, 0.4588, 0.4799, 0.4709
0.3194, 0.2978, 0.2706, 0.2826, 0.3025, 0.2990, 0.2828, 0.2976, 0.2915, 0.2873, 0.3056, 0.2911, 0.2973, 0.2393, 0.2213, 0.2362, 0.2056, 0.1664, 0.1370, 0.1702, 0.1875, 0.2185, 0.1755, 0.1994, 0.0988, 0.1229, 0.1428, 0.1674, 0.0720, 0.1252, 0.0428, 0.0701, 0.0887, 0.1104, 0.0627, 0.0154, 0.0580, 0.0304, 0.0428, 0.0284, 0.0000, 0.0750, 0.0918, 0.1261, 0.1120, 0.1246, 0.1492, 0.1638, 0.1767, 0.1689, 0.1617, 0.1868, 0.1980, 0.2135, 0.2150, 0.1761, 0.1947, 0.1929, 0.1966, 0.2101, 0.2172, 0.2364, 0.2695, 0.2842, 0.3061, 0.3094, 0.3103, 0.3366, 0.3277, 0.3715, 0.4100, 0.4285, 0.3994, 0.4175, 0.4185, 0.3236, 0.3284, 0.3624, 0.3326, 0.3382, 0.3702, 0.4074, 0.4307, 0.4474, 0.4667, 0.4822, 0.4613, 0.4824, 0.4734
0.3635, 0.3420, 0.3147, 0.3267, 0.3466, 0.3431, 0.3269, 0.3418, 0.3356, 0.3314, 0.3497, 0.3352, 0.3414, 0.2834, 0.2654, 0.2803, 0.2498, 0.2105, 0.1811, 0.2143, 0.2317, 0.2627, 0.2196, 0.2436, 0.1429, 0.1670, 0.1869, 0.2115, 0.1162, 0.1694, 0.0869, 0.1143, 0.1328, 0.1545, 0.1068, 0.0595, 0.1021, 0.0745, 0.0869, 0.0725, 0.0750, 0.0000, 0.0168, 0.0512, 0.0370, 0.0496, 0.0742, 0.0888, 0.1017, 0.0939, 0.0868, 0.1119, 0.1230, 0.1385, 0.1400, 0.1011, 0.1197, 0.1179, 0.1217, 0.1351, 0.1423, 0.1615, 0.1946, 0.2092, 0.2311, 0.2345, 0.2353, 0.2617, 0.2528, 0.2966, 0.3351, 0.3536, 0.3244, 0.3425, 0.3436, 0.2486, 0.2534, 0.2875, 0.2576, 0.2633, 0.2953, 0.3324, 0.3557, 0.3724, 0.3917, 0.4072, 0.3863, 0.4074, 0.3984
0.3803, 0.3588, 0.3315, 0.3435, 0.3634, 0.3599, 0.3437, 0.3586, 0.3524, 0.3482, 0.3665, 0.3520, 0.3582, 0.3002, 0.2822, 0.2971, 0.2666, 0.2273, 0.1979, 0.2311, 0.2485, 0.2795, 0.2364, 0.2604, 0.1597, 0.1838, 0.2037, 0.2283, 0.1330, 0.1862, 0.1037, 0.1311, 0.1496, 0.1713, 0.1236, 0.0763, 0.1189, 0.0913, 0.1037, 0.0893, 0.0918, 0.0168, 0.0000, 0.0344, 0.0202, 0.0328, 0.0574, 0.0720, 0.0849, 0.0771, 0.0700, 0.0951, 0.1062, 0.1217, 0.1232, 0.0843, 0.1029, 0.1011, 0.1049, 0.1183, 0.1255, 0.1447, 0.1777, 0.1924, 0.2143, 0.2177, 0.2185, 0.2449, 0.2360, 0.2798, 0.3183, 0.3368, 0.3076, 0.3257, 0.3268, 0.2318, 0.2366, 0.2707, 0.2408, 0.2465, 0.2784, 0.3156, 0.3389, 0.3556, 0.3749, 0.3904, 0.3695, 0.3906, 0.3816
0.4147, 0.3932, 0.3659, 0.3779, 0.3978, 0.3943, 0.3781, 0.3929, 0.3868, 0.3826, 0.4009, 0.3864, 0.3926, 0.3346, 0.3166, 0.3315, 0.3010, 0.2617, 0.2323, 0.2655, 0.2829, 0.3139, 0.2708, 0.2948, 0.1941, 0.2182, 0.2381, 0.2627, 0.1674, 0.2206, 0.1381, 0.1654, 0.1840, 0.2057, 0.1580, 0.1107, 0.1533, 0.1257, 0.1381, 0.1237, 0.1261, 0.0512, 0.0344, 0.0000, 0.0546, 0.0672, 0.0918, 0.1064, 0.1193, 0.1115, 0.1043, 0.1295, 0.1406, 0.1561, 0.1576, 0.1187, 0.1373, 0.1355, 0.1393, 0.1527, 0.1599, 0.1790, 0.2121, 0.2268, 0.2487, 0.2521, 0.2529, 0.2792, 0.2704, 0.3142, 0.3527, 0.3712, 0.3420, 0.3601, 0.3612, 0.2662, 0.2710, 0.3051, 0.2752, 0.2808, 0.3128, 0.3500, 0.3733, 0.3900, 0.4093, 0.4248, 0.4039, 0.4250, 0.4160
0.4005, 0.3790, 0.3517, 0.3637, 0.3836, 0.3801, 0.3639, 0.3788, 0.3726, 0.3684, 0.3867, 0.3722, 0.3784, 0.3204, 0.3024, 0.3173, 0.2868, 0.2475, 0.2181, 0.2513, 0.2687, 0.2997, 0.2566, 0.2806, 0.1799, 0.2040, 0.2239, 0.2485, 0.1532, 0.2064, 0.1239, 0.1513, 0.1698, 0.1915, 0.1438, 0.0966, 0.1391, 0.1115, 0.1239, 0.1095, 0.1120, 0.0370, 0.0202, 0.0546, 0.0000, 0.0126, 0.0372, 0.0518, 0.0647, 0.0569, 0.0497, 0.0749, 0.0860, 0.1015, 0.1030, 0.0641, 0.0827, 0.0809, 0.0847, 0.0981, 0.1053, 0.1244, 0.1575, 0.1722, 0.1941, 0.1975, 0.1983, 0.2247, 0.2158, 0.2596, 0.2981, 0.3166, 0.2874, 0.3055, 0.3066, 0.2116, 0.2164, 0.2505, 0.2206, 0.2263, 0.2582, 0.2954, 0.3187, 0.3354, 0.3547, 0.3702, 0.3493, 0.3704, 0.3614
0.4131, 0.3916, 0.3643, 0.3763, 0.3962, 0.3927, 0.3765, 0.3914, 0.3852, 0.3810, 0.3993, 0.3848, 0.3910, 0.3330, 0.3150, 0.3299, 0.2994, 0.2601, 0.2307, 0.2639, 0.2813, 0.3123, 0.2692, 0.2932, 0.1925, 0.2166, 0.2365, 0.2611, 0.1658, 0.2190, 0.1365, 0.1639, 0.1824, 0.2041, 0.1564, 0.1092, 0.1517, 0.1241, 0.1365, 0.1221, 0.1246, 0.0496, 0.0328, 0.0672, 0.0126, 0.0000, 0.0498, 0.0644, 0.0773, 0.0695, 0.0623, 0.0875, 0.0986, 0.1141, 0.1156, 0.0767, 0.0953, 0.0935, 0.0973, 0.1107, 0.1179, 0.1370, 0.1701, 0.1848, 0.2067, 0.2101, 0.2109, 0.2373, 0.2284, 0.2722, 0.3107, 0.3292, 0.3000, 0.3181, 0.3192, 0.2242, 0.2290, 0.2631, 0.2332, 0.2389, 0.2708, 0.3080, 0.3313, 0.3480, 0.3673, 0.3828, 0.3619, 0.3830, 0.3740
0.4378, 0.4162, 0.3890, 0.4010, 0.4209, 0.4173, 0.4011, 0.4160, 0.4099, 0.4057, 0.4240, 0.4095, 0.4157, 0.3577, 0.3396, 0.3546, 0.3240, 0.2847, 0.2554, 0.2885, 0.3059, 0.3369, 0.2938, 0.3178, 0.2172, 0.2413, 0.2612, 0.2858, 0.1904, 0.2436, 0.1612, 0.1885, 0.2070, 0.2288, 0.1811, 0.1338, 0.1763, 0.1487, 0.1612, 0.1467, 0.1492, 0.0742, 0.0574, 0.0918, 0.0372, 0.0498, 0.0000, 0.0146, 0.0275, 0.0197, 0.0870, 0.1121, 0.1233, 0.1387, 0.1402, 0.1014, 0.1200, 0.1181, 0.1219, 0.1354, 0.1425, 0.1617, 0.1948, 0.2094, 0.2314, 0.2347, 0.2356, 0.2619, 0.2530, 0.2968, 0.3353, 0.3538, 0.3246, 0.3428, 0.3438, 0.2489, 0.2537, 0.2877, 0.2579, 0.2635, 0.2955, 0.3327, 0.3560, 0.3726, 0.3920, 0.4074, 0.3865, 0.4076, 0.3987
0.4524, 0.4308, 0.4035, 0.4155, 0.4355, 0.4319, 0.4157, 0.4306, 0.4245, 0.4202, 0.4386, 0.4240, 0.4303, 0.3723, 0.3542, 0.3692, 0.3386, 0.2993, 0.2700, 0.3031, 0.3205, 0.3515, 0.3084, 0.3324, 0.2318, 0.2559, 0.2757, 0.3004, 0.2050, 0.2582, 0.1758, 0.2031, 0.2216, 0.2434, 0.1957, 0.1484, 0.1909, 0.1633, 0.1757, 0.1613, 0.1638, 0.0888, 0.0720, 0.1064, 0.0518, 0.0644, 0.0146, 0.0000, 0.0129, 0.0343, 0.1016, 0.1267, 0.1379, 0.1533, 0.1548, 0.1160, 0.1346, 0.1327, 0.1365, 0.1499, 0.1571, 0.1763, 0.2094, 0.2240, 0.2460, 0.2493, 0.2502, 0.2765, 0.2676, 0.3114, 0.3499, 0.3684, 0.3392, 0.3574, 0.3584, 0.2635, 0.2682, 0.3023, 0.2725, 0.2781, 0.3101, 0.3473, 0.3706, 0.3872, 0.4066, 0.4220, 0.4011, 0.4222, 0.4133
0.4653, 0.4437, 0.4164, 0.4284, 0.4484, 0.4448, 0.4286, 0.4435, 0.4374, 0.4331, 0.4515, 0.4370, 0.4432, 0.3852, 0.3671, 0.3821, 0.3515, 0.3122, 0.2829, 0.3160, 0.3334, 0.3644, 0.3213, 0.3453, 0.2447, 0.2688, 0.2886, 0.3133, 0.2179, 0.2711, 0.1887, 0.2160, 0.2345, 0.2563, 0.2086, 0.1613, 0.2038, 0.1762, 0.1886, 0.1742, 0.1767, 0.1017, 0.0849, 0.1193, 0.0647, 0.0773, 0.0275, 0.0129, 0.0000, 0.0472, 0.1145, 0.1396, 0.1508, 0.1662, 0.1677, 0.1289, 0.1475, 0.1456, 0.1494, 0.1628, 0.1700, 0.1892, 0.2223, 0.2369, 0.2589, 0.2622, 0.2631, 0.2894, 0.2805, 0.3243, 0.3628, 0.3813, 0.3521, 0.3703, 0.3713, 0.2764, 0.2811, 0.3152, 0.2854, 0.2910, 0.3230, 0.3602, 0.3835, 0.4001, 0.4195, 0.4349, 0.4140, 0.4351, 0.4262
0.4574, 0.4359, 0.4086, 0.4206, 0.4406, 0.4370, 0.4208, 0.4357, 0.4295, 0.4253, 0.4437, 0.4291, 0.4353, 0.3773, 0.3593, 0.3743, 0.3437, 0.3044, 0.2750, 0.3082, 0.3256, 0.3566, 0.3135, 0.3375, 0.2368, 0.2609, 0.2808, 0.3054, 0.2101, 0.2633, 0.1809, 0.2082, 0.2267, 0.2484, 0.2007, 0.1535, 0.1960, 0.1684, 0.1808, 0.1664, 0.1689, 0.0939, 0.0771, 0.1115, 0.0569, 0.0695, 0.0197, 0.0343, 0.0472, 0.0000, 0.1067, 0.1318, 0.1429, 0.1584, 0.1599, 0.1210, 0.1396, 0.1378, 0.1416, 0.1550, 0.1622, 0.1814, 0.2145, 0.2291, 0.2510, 0.2544, 0.2552, 0.2816, 0.2727, 0.3165, 0.3550, 0.3735, 0.3443, 0.3624, 0.3635, 0.2685, 0.2733, 0.3074, 0.2775, 0.2832, 0.3152, 0.3523, 0.3756, 0.3923, 0.4116, 0.4271, 0.4062, 0.4273, 0.4184
0.4503, 0.4287, 0.4015, 0.4135, 0.4334, 0.4298, 0.4136, 0.4285, 0.4224, 0.4182, 0.4365, 0.4220, 0.4282, 0.3702, 0.3522, 0.3671, 0.3365, 0.2972, 0.2679, 0.3010, 0.3184, 0.3494, 0.3064, 0.3303, 0.2297, 0.2538, 0.2737, 0.2983, 0.2029, 0.2561, 0.1737, 0.2010, 0.2196, 0.2413, 0.1936, 0.1463, 0.1888, 0.1612, 0.1737, 0.1593, 0.1617, 0.0868, 0.0700, 0.1043, 0.0497, 0.0623, 0.0870, 0.1016, 0.1145, 0.1067, 0.0000, 0.0251, 0.0363, 0.0518, 0.0532, 0.0144, 0.0330, 0.0312, 0.0349, 0.0484, 0.0555, 0.0747, 0.1078, 0.1225, 0.1444, 0.1477, 0.1486, 0.1749, 0.1660, 0.2098, 0.2483, 0.2668, 0.2377, 0.2558, 0.2568, 0.1619, 0.1667, 0.2007, 0.1709, 0.1765, 0.2085, 0.2457, 0.2690, 0.2856, 0.3050, 0.3205, 0.2995, 0.3206, 0.3117
0.4754, 0.4539, 0.4266, 0.4386, 0.4585, 0.4550, 0.4388, 0.4536, 0.4475, 0.4433, 0.4616, 0.4471, 0.4533, 0.3953, 0.3773, 0.3922, 0.3616, 0.3224, 0.2930, 0.3262, 0.3436, 0.3745, 0.3315, 0.3554, 0.2548, 0.2789, 0.2988, 0.3234, 0.2281, 0.2812, 0.1988, 0.2261, 0.2447, 0.2664, 0.2187, 0.1714, 0.2140, 0.1864, 0.1988, 0.1844, 0.1868, 0.1119, 0.0951, 0.1295, 0.0749, 0.0875, 0.1121, 0.1267, 0.1396, 0.1318, 0.0251, 0.0000, 0.0614, 0.0769, 0.0784, 0.0395, 0.0581, 0.0563, 0.0600, 0.0735, 0.0806, 0.0998, 0.1329, 0.1476, 0.1695, 0.1729, 0.1737, 0.2000, 0.1912, 0.2350, 0.2735, 0.2920, 0.2628, 0.2809, 0.2820, 0.1870, 0.1918, 0.2258, 0.1960, 0.2016, 0.2336, 0.2708, 0.2941, 0.3108, 0.3301, 0.3456, 0.3247, 0.3458, 0.3368
0.4866, 0.4650, 0.4377, 0.4497, 0.4697, 0.4661, 0.4499, 0.4648, 0.4587, 0.4544, 0.4728, 0.4582, 0.4644, 0.4065, 0.3884, 0.4034, 0.3728, 0.3335, 0.3042, 0.3373, 0.3547, 0.3857, 0.3426, 0.3666, 0.2660, 0.2901, 0.3099, 0.3346, 0.2392, 0.2924, 0.2100, 0.2373, 0.2558, 0.2775, 0.2299, 0.1826, 0.2251, 0.1975, 0.2099, 0.1955, 0.1980, 0.1230, 0.1062, 0.1406, 0.0860, 0.0986, 0.1233, 0.1379, 0.1508, 0.1429, 0.0363, 0.0614, 0.0000, 0.0155, 0.0170, 0.0507, 0.0693, 0.0674, 0.0712, 0.0846, 0.0918, 0.1110, 0.1441, 0.1587, 0.1807, 0.1840, 0.1849, 0.2112, 0.2023, 0.2461, 0.2846, 0.3031, 0.2739, 0.2921, 0.2931, 0.1982, 0.2029, 0.2370, 0.2072, 0.2128, 0.2448, 0.2820, 0.3053, 0.3219, 0.3413, 0.3567, 0.3358, 0.3569, 0.3480
0.5020, 0.4805, 0.4532, 0.4652, 0.4851, 0.4816, 0.4654, 0.4803, 0.4741, 0.4699, 0.4882, 0.4737, 0.4799, 0.4219, 0.4039, 0.4188, 0.3883, 0.3490, 0.3196, 0.3528, 0.3702, 0.4012, 0.3581, 0.3821, 0.2814, 0.3055, 0.3254, 0.3500, 0.2547, 0.3079, 0.2254, 0.2528, 0.2713, 0.2930, 0.2453, 0.1981, 0.2406, 0.2130, 0.2254, 0.2110, 0.2135, 0.1385, 0.1217, 0.1561, 0.1015, 0.1141, 0.1387, 0.1533, 0.1662, 0.1584, 0.0518, 0.0769, 0.0155, 0.0000, 0.0324, 0.0661, 0.0847, 0.0829, 0.0867, 0.1001, 0.1073, 0.1264, 0.1595, 0.1742, 0.1961, 0.1995, 0.2003, 0.2267, 0.2178, 0.2616, 0.3001, 0.3186, 0.2894, 0.3075, 0.3086, 0.2136, 0.2184, 0.2525, 0.2226, 0.2283, 0.2602, 0.2974, 0.3207, 0.3374, 0.3567, 0.3722, 0.3513, 0.3724, 0.3634
0.5035, 0.4820, 0.4547, 0.4667, 0.4866, 0.4831, 0.4669, 0.4818, 0.4756, 0.4714, 0.4897, 0.4752, 0.4814, 0.4234, 0.4054, 0.4203, 0.3898, 0.3505, 0.3211, 0.3543, 0.3717, 0.4027, 0.3596, 0.3836, 0.2829, 0.3070, 0.3269, 0.3515, 0.2562, 0.3094, 0.2269, 0.2543, 0.2728, 0.2945, 0.2468, 0.1995, 0.2421, 0.2145, 0.2269, 0.2125, 0.2150, 0.1400, 0.1232, 0.1576, 0.1030, 0.1156, 0.1402, 0.1548, 0.1677, 0.1599, 0.0532, 0.0784, 0.0170, 0.0324, 0.0000, 0.0676, 0.0862, 0.0844, 0.0882, 0.1016, 0.1088, 0.1279, 0.1610, 0.1757, 0.1976, 0.2010, 0.2018, 0.2282, 0.2193, 0.2631, 0.3016, 0.3201, 0.2909, 0.3090, 0.3101, 0.2151, 0.2199, 0.2540, 0.2241, 0.2298, 0.2617, 0.2989, 0.3222, 0.3389, 0.3582, 0.3737, 0.3528, 0.3739, 0.3649
0.4647, 0.4431, 0.4158, 0.4278, 0.4478, 0.4442, 0.4280, 0.4429, 0.4368, 0.4325, 0.4509, 0.4363, 0.4425, 0.3846, 0.3665, 0.3815, 0.3509, 0.3116, 0.2823, 0.3154, 0.3328, 0.3638, 0.3207, 0.3447, 0.2441, 0.2682, 0.2880, 0.3127, 0.2173, 0.2705, 0.1881, 0.2154, 0.2339, 0.2556, 0.2080, 0.1607, 0.2032, 0.1756, 0.1880, 0.1736, 0.1761, 0.1011, 0.0843, 0.1187, 0.0641, 0.0767, 0.1014, 0.1160, 0.1289, 0.1210, 0.0144, 0.0395, 0.0507, 0.0661, 0.0676, 0.0000, 0.0186, 0.0168, 0.0205, 0.0340, 0.0411, 0.0603, 0.0934, 0.1081, 0.1300, 0.1334, 0.1342, 0.1605, 0.1517, 0.1954, 0.2340, 0.2525, 0.2233, 0.2414, 0.2425, 0.1475, 0.1523, 0.1863, 0.1565, 0.1621, 0.1941, 0.2313, 0.2546, 0.2713, 0.2906, 0.3061, 0.2852, 0.3063, 0.2973
